2.458741655367190950e+06 1.000156624822295059e+00 5.536578718926151148e-04
2.458741676200816408e+06 9.998240722111133572e-01 5.536578718926151148e-04
2.458741697034442332e+06 9.989980821214599072e-01 5.536578718926151148e-04
2.458741717868068721e+06 1.000410976846908939e+00 5.536578718926151148e-04
2.458741738701694645e+06 1.000311129538180577e+00 5.536578718926151148e-04
2.458741759535321500e+06 9.999123399830490699e-01 5.536578718926151148e-04
2.458741780368948355e+06 9.999851887926765048e-01 5.536578718926151148e-04
2.458741801202575210e+06 9.996597649723963919e-01 5.536578718926151148e-04
2.458741822036202531e+06 1.000035267708836217e+00 5.536578718926151148e-04
2.458741842869829852e+06 9.992592636003946316e-01 5.536578718926151148e-04
2.458741863703457639e+06 9.950226576093204045e-01 5.536578718926151148e-04
2.458741884537085891e+06 9.927346666619210058e-01 5.536578718926151148e-04
2.458741905370713677e+06 9.920130362481707209e-01 5.536578718926151148e-04
2.458741926204342395e+06 9.926501033654386852e-01 5.536578718926151148e-04
2.458741947037971113e+06 9.920003483560924096e-01 5.536578718926151148e-04
2.458741967871599831e+06 9.925755182615332295e-01 5.536578718926151148e-04
2.458741988705229014e+06 9.928117678610621777e-01 5.536578718926151148e-04
2.458742009538858198e+06 9.939413441919459080e-01 5.536578718926151148e-04
2.458742030372487847e+06 9.985705575525246624e-01 5.536578718926151148e-04
2.458742051206117962e+06 1.001365772651449326e+00 5.536578718926151148e-04
2.458742072039747611e+06 1.000549345949530711e+00 5.536578718926151148e-04
2.458742092873378191e+06 1.000144134801389528e+00 5.536578718926151148e-04
2.458742113707008306e+06 1.000557235723229077e+00 5.536578718926151148e-04
2.458742134540639352e+06 9.992610458380905003e-01 5.536578718926151148e-04
2.458742155374270398e+06 1.000374252678061460e+00 5.536578718926151148e-04
2.458742176207901444e+06 9.998242867705949832e-01 5.536578718926151148e-04
2.458742197041532956e+06 1.000519756790472892e+00 5.536578718926151148e-04
2.458742217875164468e+06 1.000667100066888748e+00 5.536578718926151148e-04
2.458742238708796445e+06 1.000056805273545679e+00 5.536578718926151148e-04
2.458745301255142316e+06 9.994104564998894658e-01 5.536578718926151148e-04
2.458745322088807821e+06 1.000051038339472509e+00 5.536578718926151148e-04
2.458745342922473326e+06 1.000232733201391166e+00 5.536578718926151148e-04
2.458745363756138831e+06 9.999894223613562394e-01 5.536578718926151148e-04
2.458745384589804802e+06 9.995446707944645182e-01 5.536578718926151148e-04
2.458745405423470773e+06 1.000241894191792991e+00 5.536578718926151148e-04
2.458745426257137209e+06 1.000030686512795031e+00 5.536578718926151148e-04
2.458745447090803646e+06 1.000220250668960142e+00 5.536578718926151148e-04
2.458745467924470548e+06 9.996697899246180796e-01 5.536578718926151148e-04
2.458745488758137450e+06 1.000094209088040254e+00 5.536578718926151148e-04
2.458745509591804817e+06 9.985827595950067526e-01 5.536578718926151148e-04
2.458745530425472185e+06 9.932340831461706765e-01 5.536578718926151148e-04
2.458745551259140018e+06 9.923235490927300173e-01 5.536578718926151148e-04
2.458745572092807852e+06 9.903787738350651182e-01 5.536578718926151148e-04
2.458745592926476151e+06 9.920719701880376107e-01 5.536578718926151148e-04
2.458745613760144450e+06 9.920069561405756575e-01 5.536578718926151148e-04
2.458745634593813214e+06 9.915706885674444582e-01 5.536578718926151148e-04
2.458745655427481979e+06 9.925046963505258502e-01 5.536578718926151148e-04
2.458745676261150744e+06 9.939239625392713995e-01 5.536578718926151148e-04
2.458745717928489670e+06 1.001260063471512085e+00 5.536578718926151148e-04
2.458745738762159366e+06 1.000283880400114178e+00 5.536578718926151148e-04
2.458745759595829528e+06 9.995442844519932812e-01 5.536578718926151148e-04
2.458745780429499689e+06 9.991741424999550647e-01 5.536578718926151148e-04
2.458745801263169851e+06 9.994989942857546161e-01 5.536578718926151148e-04
2.458745822096840478e+06 1.000819344587223547e+00 5.536578718926151148e-04
2.458745842930511571e+06 1.000160704081434648e+00 5.536578718926151148e-04
2.458745863764182664e+06 9.988481364128356521e-01 5.536578718926151148e-04
2.458745884597853757e+06 1.000385370580295419e+00 5.536578718926151148e-04
2.458752634716613218e+06 9.993470127775452294e-01 5.536578718926151148e-04
2.458752655550311785e+06 1.000097854793558394e+00 5.536578718926151148e-04
2.458752676384010352e+06 1.000226838283328812e+00 5.536578718926151148e-04
2.458752697217708919e+06 1.000124451935879399e+00 5.536578718926151148e-04
2.458752718051408418e+06 1.000015001275507132e+00 5.536578718926151148e-04
2.458752738885107450e+06 1.000449239488192976e+00 5.536578718926151148e-04
2.458752759718806949e+06 9.997516998544085931e-01 5.536578718926151148e-04
2.458752780552506912e+06 9.999510546282669443e-01 5.536578718926151148e-04
2.458752801386206876e+06 1.000115022003203347e+00 5.536578718926151148e-04
2.458752822219906840e+06 9.985874777525851620e-01 5.536578718926151148e-04
2.458752843053607270e+06 9.940220510711537116e-01 5.536578718926151148e-04
2.458752863887308165e+06 9.930487686906374067e-01 5.536578718926151148e-04
2.458752884721009061e+06 9.923727534609698697e-01 5.536578718926151148e-04
2.458752905554709956e+06 9.918658476349053732e-01 5.536578718926151148e-04
2.458752926388411317e+06 9.913947633566546624e-01 5.536578718926151148e-04
2.458752947222112678e+06 9.925261106349876350e-01 5.536578718926151148e-04
2.458752968055814505e+06 9.918794392361505174e-01 5.536578718926151148e-04
2.458752988889516797e+06 9.934344965975888675e-01 5.536578718926151148e-04
2.458753009723218624e+06 9.983816987734966952e-01 5.536578718926151148e-04
2.458753030556921382e+06 1.000228047872584458e+00 5.536578718926151148e-04
2.458753051390624139e+06 9.998861047842733107e-01 5.536578718926151148e-04
2.458753072224326897e+06 9.997165130348505402e-01 5.536578718926151148e-04
2.458753093058029655e+06 9.995645794985674737e-01 5.536578718926151148e-04
2.458753113891733345e+06 9.996508625633889755e-01 5.536578718926151148e-04
2.458753134725436568e+06 1.000013127634934662e+00 5.536578718926151148e-04
2.458753155559140258e+06 9.995906126435607497e-01 5.536578718926151148e-04
2.458753176392844412e+06 9.993679926927512280e-01 5.536578718926151148e-04
2.458753197226548567e+06 1.000020625804442398e+00 5.536578718926151148e-04
2.458753218060253188e+06 9.999447518060180506e-01 5.536578718926151148e-04
2.458756280617132317e+06 9.987598392003709247e-01 5.536578718926151148e-04
2.458756301450867672e+06 9.993491393021671776e-01 5.536578718926151148e-04
2.458756322284603491e+06 9.998469931731136517e-01 5.536578718926151148e-04
2.458756343118339311e+06 9.999344536786679560e-01 5.536578718926151148e-04
2.458756363952075131e+06 9.995078193036077696e-01 5.536578718926151148e-04
2.458756384785811417e+06 1.000590454275796848e+00 5.536578718926151148e-04
2.458756405619548168e+06 1.000069139772866489e+00 5.536578718926151148e-04
2.458756426453284454e+06 9.995480594852426126e-01 5.536578718926151148e-04
2.458756447287021670e+06 1.000164741668229773e+00 5.536578718926151148e-04
2.458756468120758422e+06 9.996663483149373919e-01 5.536578718926151148e-04
2.458756488954495639e+06 9.973056613959623284e-01 5.536578718926151148e-04
2.458756509788233321e+06 9.931433773851103819e-01 5.536578718926151148e-04
2.458756530621971004e+06 9.927985222974791135e-01 5.536578718926151148e-04
2.458756551455708686e+06 9.919139964710230739e-01 5.536578718926151148e-04
2.458756572289446369e+06 9.930559235899049098e-01 5.536578718926151148e-04
2.458756593123184983e+06 9.915776193721655973e-01 5.536578718926151148e-04
2.458756613956923131e+06 9.909561330787333144e-01 5.536578718926151148e-04
2.458756634790661745e+06 9.922073583836189536e-01 5.536578718926151148e-04
2.458756655624400824e+06 9.949528186071463498e-01 5.536578718926151148e-04
2.458756676458139904e+06 9.984756957317556525e-01 5.536578718926151148e-04
2.458756697291878983e+06 9.994897232590989056e-01 5.536578718926151148e-04
2.458756718125618063e+06 9.993906412677456830e-01 5.536578718926151148e-04
2.458756738959357608e+06 1.000955171245741182e+00 5.536578718926151148e-04
2.458756759793097619e+06 1.000441376436042251e+00 5.536578718926151148e-04
2.458756780626837630e+06 1.000527892641264405e+00 5.536578718926151148e-04
2.458756801460578106e+06 9.999836422356539467e-01 5.536578718926151148e-04
2.458756822294318117e+06 9.997959368692829196e-01 5.536578718926151148e-04
2.458756843128058594e+06 1.000587477604777176e+00 5.536578718926151148e-04
2.458756863961799536e+06 9.994335718026386983e-01 5.536578718926151148e-04
2.458759947357602417e+06 9.991125402561692459e-01 5.536578718926151148e-04
2.458759968191372696e+06 1.000588341596479358e+00 5.536578718926151148e-04
2.458759989025142975e+06 1.000058808910061492e+00 5.536578718926151148e-04
2.458760009858913720e+06 9.992600149910485507e-01 5.536578718926151148e-04
2.458760030692684464e+06 9.991521945508410329e-01 5.536578718926151148e-04
2.458760051526455674e+06 9.992623557890594199e-01 5.536578718926151148e-04
2.458760072360226884e+06 1.000753130675310354e+00 5.536578718926151148e-04
2.458760093193998560e+06 9.997145997478816826e-01 5.536578718926151148e-04
2.458760114027770236e+06 9.990507839583946392e-01 5.536578718926151148e-04
2.458760134861542378e+06 9.991256880544516772e-01 5.536578718926151148e-04
2.458760155695314519e+06 9.940096508039907297e-01 5.536578718926151148e-04
2.458760176529086661e+06 9.925147564423052460e-01 5.536578718926151148e-04
2.458760197362859268e+06 9.929862681842005490e-01 5.536578718926151148e-04
2.458760218196631875e+06 9.925016468855730745e-01 5.536578718926151148e-04
2.458760239030404948e+06 9.919497768938515536e-01 5.536578718926151148e-04
2.458760259864178486e+06 9.920528775190438076e-01 5.536578718926151148e-04
2.458760280697951559e+06 9.932024735687869921e-01 5.536578718926151148e-04
2.458760301531725097e+06 9.928507243271414984e-01 5.536578718926151148e-04
2.458760322365499102e+06 9.961085128945333933e-01 5.536578718926151148e-04
2.458760343199273106e+06 1.000001619618169135e+00 5.536578718926151148e-04
2.458760364033047576e+06 1.000704582986386537e+00 5.536578718926151148e-04
2.458760384866822045e+06 1.000221257422888144e+00 5.536578718926151148e-04
2.458760405700596515e+06 9.995933413015581914e-01 5.536578718926151148e-04
2.458760426534371451e+06 1.000469440075150152e+00 5.536578718926151148e-04
2.458760447368146386e+06 9.996992343476057696e-01 5.536578718926151148e-04
2.458760468201921787e+06 9.998322228341041118e-01 5.536578718926151148e-04
2.458760489035697188e+06 9.999831302104235098e-01 5.536578718926151148e-04
2.458760509869473055e+06 1.000057822577756994e+00 5.536578718926151148e-04
2.458760530703248922e+06 1.000495194936786847e+00 5.536578718926151148e-04
